0.000000000000000000e+00
7.845404148101806641e-01
0.000000000000000000e+00
9.380661845207214355e-01
9.666581749916076660e-01
9.119646549224853516e-01
9.550132751464843750e-01
8.166149258613586426e-01
5.919870138168334961e-01
9.388837814331054688e-01
9.485672116279602051e-01
9.668702483177185059e-01
8.984161019325256348e-01
9.011625051498413086e-01
9.343279004096984863e-01
9.613938927650451660e-01
9.593241214752197266e-01
9.370352029800415039e-01
9.691537022590637207e-01
8.764709830284118652e-01
9.639052748680114746e-01
9.377825856208801270e-01
9.699845314025878906e-01
9.604853391647338867e-01
9.536553621292114258e-01
9.204321503639221191e-01
8.096775412559509277e-01
9.605031609535217285e-01
7.816986441612243652e-01
0.000000000000000000e+00
9.572422504425048828e-01
0.000000000000000000e+00
7.501713037490844727e-01
9.689190387725830078e-01
9.544464945793151855e-01
8.788208365440368652e-01
0.000000000000000000e+00
0.000000000000000000e+00
0.000000000000000000e+00
8.996601700782775879e-01
0.000000000000000000e+00
9.694532752037048340e-01
9.586811661720275879e-01
8.774055242538452148e-01
5.338856577873229980e-01
0.000000000000000000e+00
9.710363745689392090e-01
2.069237977266311646e-01
0.000000000000000000e+00
0.000000000000000000e+00
9.358747005462646484e-01
0.000000000000000000e+00
9.307088255882263184e-01
9.651250243186950684e-01
9.479965567588806152e-01
7.788404822349548340e-01
8.892271518707275391e-01
0.000000000000000000e+00
8.787969350814819336e-01
9.554473161697387695e-01
9.703222513198852539e-01
9.678924679756164551e-01
0.000000000000000000e+00
9.576795697212219238e-01
8.841943144798278809e-01
8.087731003761291504e-01
6.708859801292419434e-01
0.000000000000000000e+00
9.127138257026672363e-01
9.600328803062438965e-01
9.696617126464843750e-01
9.706975221633911133e-01
6.419722437858581543e-01
0.000000000000000000e+00
9.300837516784667969e-01
9.375264048576354980e-01
9.601286053657531738e-01
8.970865011215209961e-01
8.657336831092834473e-01
4.402371346950531006e-01
6.580372452735900879e-01
5.792881846427917480e-01
9.150390625000000000e-01
0.000000000000000000e+00
9.498685002326965332e-01
1.912345737218856812e-01
4.563947394490242004e-02
9.687942266464233398e-01
9.613183140754699707e-01
8.831084966659545898e-01
9.471985697746276855e-01
8.844730854034423828e-01
0.000000000000000000e+00
1.513834893703460693e-01
9.607903361320495605e-01
9.678181409835815430e-01
0.000000000000000000e+00
9.443430900573730469e-01
3.931445181369781494e-01
9.671723246574401855e-01
7.184879183769226074e-01
9.520369172096252441e-01
0.000000000000000000e+00
9.634959101676940918e-01
0.000000000000000000e+00
9.665839672088623047e-01
9.598347544670104980e-01
0.000000000000000000e+00
9.360929131507873535e-01
0.000000000000000000e+00
8.831919431686401367e-01
0.000000000000000000e+00
8.675751686096191406e-01
9.595743417739868164e-01
5.274539589881896973e-01
0.000000000000000000e+00
5.224142670631408691e-01
8.171375989913940430e-01
5.212731361389160156e-01
9.048435091972351074e-01
9.661195278167724609e-01
9.704730510711669922e-01
0.000000000000000000e+00
0.000000000000000000e+00
9.562513828277587891e-01
0.000000000000000000e+00
9.672009348869323730e-01
8.798346519470214844e-01
9.692438244819641113e-01
4.881395101547241211e-01
3.534612655639648438e-01
9.683024287223815918e-01
8.592906594276428223e-01
9.641535282135009766e-01
0.000000000000000000e+00
2.470326125621795654e-01
0.000000000000000000e+00
8.498994708061218262e-01
0.000000000000000000e+00
9.180029630661010742e-01
9.199560880661010742e-01
9.482520222663879395e-01
9.411994218826293945e-01
0.000000000000000000e+00
6.350112557411193848e-01
5.408217310905456543e-01
8.094544410705566406e-01
8.027639389038085938e-01
9.431532621383666992e-01
9.689656496047973633e-01
5.425885915756225586e-01
0.000000000000000000e+00
0.000000000000000000e+00
0.000000000000000000e+00
6.963304877281188965e-01
9.571861028671264648e-01
9.699447751045227051e-01
9.211618900299072266e-01
9.656110405921936035e-01
9.701445698738098145e-01
9.707401394844055176e-01
0.000000000000000000e+00
7.845268845558166504e-01
0.000000000000000000e+00
9.695364236831665039e-01
9.523533582687377930e-01
2.238861173391342163e-01
9.700913429260253906e-01
0.000000000000000000e+00
7.752179503440856934e-01
9.622272849082946777e-01
9.561391472816467285e-01
9.076406955718994141e-01
5.498090982437133789e-01
0.000000000000000000e+00
9.700362682342529297e-01
9.021078944206237793e-01
4.025563299655914307e-01
9.520160555839538574e-01
5.768608450889587402e-01
9.593794345855712891e-01
0.000000000000000000e+00
0.000000000000000000e+00
0.000000000000000000e+00
7.991234064102172852e-01
9.631890058517456055e-01
0.000000000000000000e+00
9.666024446487426758e-01
9.687291383743286133e-01
0.000000000000000000e+00
0.000000000000000000e+00
0.000000000000000000e+00
8.070940971374511719e-01
7.889702320098876953e-01
9.358376264572143555e-01
8.834151029586791992e-01
7.890616655349731445e-01
9.588680863380432129e-01
9.081112742424011230e-01
9.425885677337646484e-01
9.600306749343872070e-01
9.088771939277648926e-01
6.085065603256225586e-01
8.771357536315917969e-01
9.678518176078796387e-01
7.811822295188903809e-01
0.000000000000000000e+00
7.601234912872314453e-01
9.558342099189758301e-01
9.699743390083312988e-01
0.000000000000000000e+00
9.103553891181945801e-01
9.689846038818359375e-01
8.045980334281921387e-01
8.762494921684265137e-01
0.000000000000000000e+00
9.624342322349548340e-01
8.954368829727172852e-01
1.657957732677459717e-01
8.726668953895568848e-01
9.205519556999206543e-01
9.398893117904663086e-01
5.227915644645690918e-01
9.608705639839172363e-01
9.680517315864562988e-01
9.426662921905517578e-01
9.693141579627990723e-01
9.123557209968566895e-01
9.702819585800170898e-01
9.537299275398254395e-01
8.422892093658447266e-01
8.548091650009155273e-01
8.767681717872619629e-01
9.673153162002563477e-01
8.876156210899353027e-01
9.209976196289062500e-01
9.614508152008056641e-01
9.058113694190979004e-01
9.031296372413635254e-01
7.107948064804077148e-01
9.464699029922485352e-01
0.000000000000000000e+00
0.000000000000000000e+00
7.252184152603149414e-01
9.497122764587402344e-01
8.640061616897583008e-01
9.525918364524841309e-01
0.000000000000000000e+00
9.690973758697509766e-01
0.000000000000000000e+00
0.000000000000000000e+00
9.036086797714233398e-01
8.456209301948547363e-01
6.707768142223358154e-02
0.000000000000000000e+00
6.345596313476562500e-01
8.788760900497436523e-01
0.000000000000000000e+00
9.659145474433898926e-01
0.000000000000000000e+00
8.083301186561584473e-01
7.809952497482299805e-01
0.000000000000000000e+00
9.480391144752502441e-01
8.690674304962158203e-01
5.162634253501892090e-01
9.644285440444946289e-01
3.477769792079925537e-01
8.589047789573669434e-01
9.567826986312866211e-01
9.395013451576232910e-01
0.000000000000000000e+00
9.541124701499938965e-01
0.000000000000000000e+00
0.000000000000000000e+00
9.590149521827697754e-01
9.635317325592041016e-01
9.359826445579528809e-01
9.362982511520385742e-01
6.465959548950195312e-01
0.000000000000000000e+00
9.026836156845092773e-01
8.370505571365356445e-01
8.975203037261962891e-01
9.706327319145202637e-01
9.688016772270202637e-01
0.000000000000000000e+00
0.000000000000000000e+00
4.863572493195533752e-02
9.701949954032897949e-01
9.579271674156188965e-01
7.395591139793395996e-01
6.300935745239257812e-01
9.300299882888793945e-01
8.133897185325622559e-01
8.021693229675292969e-01
8.407134413719177246e-01
5.755112767219543457e-01
9.700848460197448730e-01
9.696488380432128906e-01
9.653523564338684082e-01
0.000000000000000000e+00
5.804085135459899902e-01
9.623575806617736816e-01
0.000000000000000000e+00
5.981985330581665039e-01
9.631315469741821289e-01
9.515871405601501465e-01
9.356466531753540039e-01
9.705475568771362305e-01
6.550112366676330566e-01
9.606103301048278809e-01
7.279752492904663086e-01
9.652321934700012207e-01
8.560703992843627930e-01
0.000000000000000000e+00
7.210416793823242188e-01
9.207249283790588379e-01
4.416810348629951477e-02
6.968038082122802734e-01
0.000000000000000000e+00
0.000000000000000000e+00
9.500397443771362305e-01
9.533538818359375000e-01
5.260198116302490234e-01
0.000000000000000000e+00
9.326426386833190918e-01
9.560348391532897949e-01
7.056205868721008301e-01
9.451174736022949219e-01
0.000000000000000000e+00
9.702676534652709961e-01
1.775420904159545898e-01
5.598078966140747070e-01
9.534626007080078125e-01
5.953903794288635254e-01
9.670298099517822266e-01
0.000000000000000000e+00
8.819032907485961914e-01
0.000000000000000000e+00
8.194530606269836426e-01
9.094064831733703613e-01
2.971467673778533936e-01
9.424820542335510254e-01
5.946992039680480957e-01
5.550680756568908691e-01
9.263830184936523438e-01
4.735186994075775146e-01
9.215766191482543945e-01
9.122233986854553223e-01
9.318131804466247559e-01
2.074066549539566040e-01
9.096342325210571289e-01
0.000000000000000000e+00
8.130880594253540039e-01
0.000000000000000000e+00
9.689286947250366211e-01
9.417807459831237793e-01
8.995833992958068848e-01
9.664840102195739746e-01
9.431464672088623047e-01
9.265398383140563965e-01
3.960625231266021729e-01
0.000000000000000000e+00
9.572422504425048828e-01
9.252055883407592773e-01
8.483563661575317383e-01
3.839743435382843018e-01
1.048392802476882935e-01
9.669030308723449707e-01
9.441629648208618164e-01
0.000000000000000000e+00
7.937920689582824707e-01
9.573718905448913574e-01
9.633341431617736816e-01
9.427165985107421875e-01
9.349777102470397949e-01
0.000000000000000000e+00
9.024503231048583984e-01
5.011667609214782715e-01
9.674023985862731934e-01
9.161331057548522949e-01
3.621613085269927979e-01
9.677715301513671875e-01
7.255632877349853516e-01
0.000000000000000000e+00
9.630617499351501465e-01
7.571813464164733887e-01
9.590331912040710449e-01
0.000000000000000000e+00
8.755420446395874023e-01
9.427143931388854980e-01
7.445691227912902832e-01
9.589005708694458008e-01
0.000000000000000000e+00
6.202811002731323242e-01
2.212358638644218445e-02
4.430616199970245361e-01
7.755947709083557129e-01
9.692878127098083496e-01
9.658868908882141113e-01
9.718159437179565430e-01
0.000000000000000000e+00
9.673923254013061523e-01
6.529979109764099121e-01
0.000000000000000000e+00
9.448831081390380859e-01
8.457084298133850098e-01
0.000000000000000000e+00
9.571856260299682617e-01
9.569638967514038086e-01
0.000000000000000000e+00
9.681015610694885254e-01
0.000000000000000000e+00
0.000000000000000000e+00
9.739648699760437012e-01
0.000000000000000000e+00
9.462091326713562012e-01
0.000000000000000000e+00
9.718002080917358398e-01
8.311355710029602051e-01
9.112030863761901855e-01
9.694139361381530762e-01
0.000000000000000000e+00
9.484441876411437988e-01
8.943180441856384277e-01
8.979012966156005859e-01
0.000000000000000000e+00
6.341821551322937012e-01
8.925389647483825684e-01
7.602670788764953613e-01
9.429724812507629395e-01
9.539269208908081055e-01
6.595721244812011719e-01
9.421198964118957520e-01
0.000000000000000000e+00
9.494048357009887695e-01
9.042793512344360352e-01
0.000000000000000000e+00
7.814728021621704102e-01
5.824984908103942871e-01
9.700927734375000000e-01
0.000000000000000000e+00
8.862529397010803223e-01
9.707216024398803711e-01
0.000000000000000000e+00
0.000000000000000000e+00
9.448272585868835449e-01
0.000000000000000000e+00
6.790621876716613770e-01
0.000000000000000000e+00
9.606337547302246094e-01
9.077402949333190918e-01
9.666692614555358887e-01
9.626857638359069824e-01
0.000000000000000000e+00
0.000000000000000000e+00
9.507000446319580078e-01
9.049358963966369629e-01
8.813996315002441406e-01
9.258839488029479980e-01
9.094468355178833008e-01
9.332551956176757812e-01
0.000000000000000000e+00
0.000000000000000000e+00
5.967279076576232910e-01
8.444532155990600586e-01
9.694167375564575195e-01
9.696284532546997070e-01
0.000000000000000000e+00
9.704698324203491211e-01
0.000000000000000000e+00
0.000000000000000000e+00
9.700706005096435547e-01
7.826646566390991211e-01
0.000000000000000000e+00
9.031214714050292969e-01
5.169847607612609863e-01
9.715458750724792480e-01
7.260183691978454590e-01
9.707822203636169434e-01
0.000000000000000000e+00
9.516578912734985352e-01
7.373977303504943848e-01
5.777301192283630371e-01
9.584398269653320312e-01
9.622382521629333496e-01
8.808538913726806641e-01
1.616443544626235962e-01
8.023498654365539551e-01
0.000000000000000000e+00
0.000000000000000000e+00
9.629235267639160156e-01
0.000000000000000000e+00
7.944013476371765137e-01
8.628644347190856934e-01
9.650016427040100098e-01
0.000000000000000000e+00
4.689775779843330383e-02
0.000000000000000000e+00
9.495157599449157715e-01
8.077036142349243164e-01
9.436880946159362793e-01
8.325989246368408203e-01
7.993353605270385742e-01
9.071288704872131348e-01
0.000000000000000000e+00
9.624584913253784180e-01
0.000000000000000000e+00
0.000000000000000000e+00
0.000000000000000000e+00
9.741333723068237305e-01
6.907571554183959961e-01
9.571436047554016113e-01
7.848483324050903320e-01
9.158247709274291992e-01
0.000000000000000000e+00
9.601469039916992188e-01
9.160182476043701172e-01
9.087874293327331543e-01
9.697065949440002441e-01
9.538563489913940430e-01
0.000000000000000000e+00
9.225535392761230469e-01
9.701454639434814453e-01
9.625209569931030273e-01
5.590609908103942871e-01
0.000000000000000000e+00
9.550105333328247070e-01
9.514097571372985840e-01
0.000000000000000000e+00
0.000000000000000000e+00
6.093614101409912109e-01
9.300943017005920410e-01
9.039616584777832031e-01
9.686954021453857422e-01
0.000000000000000000e+00
9.630705118179321289e-01
0.000000000000000000e+00
9.399731159210205078e-01
9.611409306526184082e-01
0.000000000000000000e+00
9.524641633033752441e-01
9.544555544853210449e-01
4.752894937992095947e-01
0.000000000000000000e+00
5.571534037590026855e-01
9.245842099189758301e-01
9.143334031105041504e-01
9.695031642913818359e-01
0.000000000000000000e+00
0.000000000000000000e+00
0.000000000000000000e+00
9.616351127624511719e-01
5.708638429641723633e-01
8.467789888381958008e-01
9.707688689231872559e-01
0.000000000000000000e+00
9.401040077209472656e-01
0.000000000000000000e+00
9.695235490798950195e-01
5.568538308143615723e-01
9.676921963691711426e-01
9.449561238288879395e-01
9.439558982849121094e-01
0.000000000000000000e+00
9.698166251182556152e-01
8.992869853973388672e-01
0.000000000000000000e+00
8.163163065910339355e-01
6.114757657051086426e-01
9.600626826286315918e-01
0.000000000000000000e+00
0.000000000000000000e+00
7.841443419456481934e-01
9.639007449150085449e-01
7.497894167900085449e-01
9.667444825172424316e-01
0.000000000000000000e+00
9.701020121574401855e-01
0.000000000000000000e+00
9.683111906051635742e-01
9.647541046142578125e-01
9.608609676361083984e-01
0.000000000000000000e+00
7.948655486106872559e-01
0.000000000000000000e+00
0.000000000000000000e+00
5.100716948509216309e-01
0.000000000000000000e+00
8.529195189476013184e-01
9.732702970504760742e-01
9.501253962516784668e-01
4.482124745845794678e-01
5.060289502143859863e-01
9.655691385269165039e-01
9.709025621414184570e-01
9.418517351150512695e-01
0.000000000000000000e+00
0.000000000000000000e+00
6.418578028678894043e-01
0.000000000000000000e+00
9.568726420402526855e-01
0.000000000000000000e+00
9.330474138259887695e-01
8.704355359077453613e-01
9.495161771774291992e-01
9.646515250205993652e-01
9.707294702529907227e-01
6.429789662361145020e-01
8.538941144943237305e-01
0.000000000000000000e+00
9.381940960884094238e-01
9.576773047447204590e-01
9.527358412742614746e-01
9.700927734375000000e-01
9.701852798461914062e-01
9.268088936805725098e-01
0.000000000000000000e+00
0.000000000000000000e+00
9.701889753341674805e-01
9.707447886466979980e-01
5.910198763012886047e-02
0.000000000000000000e+00
7.818526625633239746e-01
0.000000000000000000e+00
9.462889432907104492e-01
0.000000000000000000e+00
0.000000000000000000e+00
9.685134291648864746e-01
0.000000000000000000e+00
9.670593142509460449e-01
8.820564150810241699e-01
9.160518646240234375e-01
8.059250116348266602e-01
9.614745974540710449e-01
0.000000000000000000e+00
8.971930146217346191e-01
9.554778933525085449e-01
6.634823083877563477e-01
8.739349246025085449e-01
0.000000000000000000e+00
9.665245413780212402e-01
9.706429243087768555e-01
9.651880264282226562e-01
9.695096611976623535e-01
9.534984827041625977e-01
9.499822854995727539e-01
9.681754708290100098e-01
5.581356287002563477e-01
0.000000000000000000e+00
0.000000000000000000e+00
9.703980684280395508e-01
8.674916028976440430e-01
0.000000000000000000e+00
9.336367249488830566e-01
2.884294688701629639e-01
8.967956304550170898e-01
8.938592672348022461e-01
8.157625794410705566e-01
9.393033385276794434e-01
0.000000000000000000e+00
7.973580956459045410e-01
0.000000000000000000e+00
9.611070156097412109e-01
8.173733949661254883e-01
8.832213878631591797e-01
9.599564671516418457e-01
9.412410855293273926e-01
9.644615650177001953e-01
7.379854917526245117e-01
8.511862754821777344e-01
9.671432375907897949e-01
5.962933301925659180e-01
9.114286303520202637e-01
4.582301974296569824e-01
0.000000000000000000e+00
0.000000000000000000e+00
0.000000000000000000e+00
8.846181631088256836e-01
0.000000000000000000e+00
7.533994317054748535e-01
2.713976502418518066e-01
4.486364871263504028e-02
0.000000000000000000e+00
9.589189291000366211e-01
7.413322329521179199e-01
0.000000000000000000e+00
0.000000000000000000e+00
0.000000000000000000e+00
9.595038294792175293e-01
8.373451828956604004e-01
5.289984345436096191e-01
9.280431270599365234e-01
1.931466162204742432e-01
1.424325853586196899e-01
9.450575113296508789e-01
9.252850413322448730e-01
4.939825832843780518e-01
0.000000000000000000e+00
5.619710683822631836e-01
0.000000000000000000e+00
0.000000000000000000e+00
9.461346268653869629e-01
9.215484857559204102e-01
9.418337941169738770e-01
9.505531787872314453e-01
0.000000000000000000e+00
6.334431469440460205e-02
9.687078595161437988e-01
9.279086589813232422e-01
0.000000000000000000e+00
9.567895531654357910e-01
9.607455134391784668e-01
9.614072442054748535e-01
9.711920022964477539e-01
9.459348320960998535e-01
9.066362977027893066e-01
9.680069088935852051e-01
9.682479500770568848e-01
8.846468329429626465e-01
0.000000000000000000e+00
9.693136811256408691e-01
0.000000000000000000e+00
3.389492332935333252e-01
8.819642663002014160e-01
4.158437252044677734e-01
8.009771704673767090e-01
0.000000000000000000e+00
0.000000000000000000e+00
4.252000451087951660e-01
9.112474322319030762e-01
9.491264820098876953e-01
0.000000000000000000e+00
9.643862247467041016e-01
9.409696459770202637e-01
9.706979990005493164e-01
0.000000000000000000e+00
9.641664028167724609e-01
0.000000000000000000e+00
0.000000000000000000e+00
9.646322131156921387e-01
9.682050347328186035e-01
9.697292447090148926e-01
3.221701085567474365e-01
1.823590099811553955e-01
6.107531189918518066e-01
6.543263792991638184e-01
0.000000000000000000e+00
7.649489045143127441e-01
8.933943510055541992e-01
0.000000000000000000e+00
9.674223065376281738e-01
9.633901715278625488e-01
9.701468944549560547e-01
0.000000000000000000e+00
1.732319444417953491e-01
0.000000000000000000e+00
9.445214271545410156e-01
0.000000000000000000e+00
9.644615650177001953e-01
7.295466661453247070e-01
9.646304249763488770e-01
6.014683246612548828e-01
0.000000000000000000e+00
9.472735524177551270e-01
8.999879956245422363e-01
0.000000000000000000e+00
0.000000000000000000e+00
9.695969820022583008e-01
9.123604893684387207e-01
0.000000000000000000e+00
0.000000000000000000e+00
8.147386312484741211e-01
9.704707264900207520e-01
0.000000000000000000e+00
9.655659794807434082e-01
0.000000000000000000e+00
9.582935571670532227e-01
9.519864916801452637e-01
0.000000000000000000e+00
1.100241318345069885e-01
1.943479925394058228e-01
9.519366621971130371e-01
0.000000000000000000e+00
0.000000000000000000e+00
0.000000000000000000e+00
1.004042103886604309e-01
9.706901311874389648e-01
9.698296189308166504e-01
6.527407765388488770e-01
9.654089808464050293e-01
9.058057665824890137e-01
9.600841999053955078e-01
8.401324152946472168e-01
9.538254737854003906e-01
0.000000000000000000e+00
0.000000000000000000e+00
0.000000000000000000e+00
9.612949490547180176e-01
0.000000000000000000e+00
8.004002571105957031e-01
9.689430594444274902e-01
7.921760082244873047e-01
0.000000000000000000e+00
9.221093654632568359e-01
9.698115587234497070e-01
0.000000000000000000e+00
9.472004175186157227e-01
0.000000000000000000e+00
9.663384556770324707e-01
0.000000000000000000e+00
0.000000000000000000e+00
9.679455757141113281e-01
8.585751056671142578e-01
0.000000000000000000e+00
9.628170132637023926e-01
0.000000000000000000e+00
9.496746659278869629e-01
9.503881931304931641e-01
0.000000000000000000e+00
8.625098466873168945e-01
9.439450502395629883e-01
0.000000000000000000e+00
0.000000000000000000e+00
9.627651572227478027e-01
9.177955389022827148e-01
0.000000000000000000e+00
8.246059417724609375e-01
9.224906563758850098e-01
9.204883575439453125e-01
0.000000000000000000e+00
9.356051683425903320e-01
0.000000000000000000e+00
9.640331268310546875e-01
0.000000000000000000e+00
0.000000000000000000e+00
2.750355303287506104e-01
0.000000000000000000e+00
5.683633685111999512e-01
6.860512495040893555e-01
5.680707693099975586e-01
8.245713114738464355e-01
0.000000000000000000e+00
9.683758020401000977e-01
0.000000000000000000e+00
9.536890387535095215e-01
0.000000000000000000e+00
0.000000000000000000e+00
9.662435054779052734e-01
0.000000000000000000e+00
2.044814676046371460e-01
9.601858258247375488e-01
0.000000000000000000e+00
0.000000000000000000e+00
9.544414281845092773e-01
0.000000000000000000e+00
0.000000000000000000e+00
9.654987454414367676e-01
9.290765523910522461e-01
9.420291185379028320e-01
8.462005257606506348e-01
2.525303065776824951e-01
0.000000000000000000e+00
0.000000000000000000e+00
4.204042255878448486e-01
9.556665420532226562e-01
8.912069797515869141e-01
9.172097444534301758e-01
0.000000000000000000e+00
9.704277515411376953e-01
8.626012206077575684e-01
5.641401186585426331e-02
9.270586967468261719e-01
9.216834306716918945e-01
9.523770213127136230e-01
0.000000000000000000e+00
5.475767850875854492e-01
0.000000000000000000e+00
9.400995969772338867e-01
9.590551257133483887e-01
0.000000000000000000e+00
0.000000000000000000e+00
9.655908942222595215e-01
0.000000000000000000e+00
5.742344260215759277e-01
7.947511076927185059e-01
9.665420651435852051e-01
9.490051865577697754e-01
0.000000000000000000e+00
0.000000000000000000e+00
9.712554812431335449e-01
1.101602017879486084e-01
0.000000000000000000e+00
7.743508815765380859e-01
1.755647063255310059e-01
9.411459565162658691e-01
7.452191710472106934e-01
0.000000000000000000e+00
9.684506654739379883e-01
0.000000000000000000e+00
0.000000000000000000e+00
1.232775300741195679e-02
0.000000000000000000e+00
5.355476140975952148e-01
0.000000000000000000e+00
8.874903917312622070e-01
8.324099779129028320e-01
0.000000000000000000e+00
9.589599967002868652e-01
8.759378790855407715e-01
0.000000000000000000e+00
9.251849055290222168e-01
0.000000000000000000e+00
0.000000000000000000e+00
9.708599448204040527e-01
2.832381986081600189e-02
2.324366709217429161e-03
9.670468568801879883e-01
0.000000000000000000e+00
9.460774064064025879e-01
0.000000000000000000e+00
0.000000000000000000e+00
0.000000000000000000e+00
9.689573049545288086e-01
6.581683754920959473e-01
0.000000000000000000e+00
9.670819044113159180e-01
9.594997763633728027e-01
0.000000000000000000e+00
0.000000000000000000e+00
1.548158237710595131e-03
8.469316363334655762e-01
9.600389003753662109e-01
4.871696233749389648e-02
4.432930052280426025e-02
0.000000000000000000e+00
0.000000000000000000e+00
9.353861808776855469e-01
0.000000000000000000e+00
0.000000000000000000e+00
9.322736263275146484e-01
5.321782231330871582e-01
5.633114576339721680e-01
9.725864529609680176e-01
0.000000000000000000e+00
0.000000000000000000e+00
9.485039114952087402e-01
9.713387489318847656e-01
5.257489085197448730e-01
0.000000000000000000e+00
7.873961925506591797e-01
0.000000000000000000e+00
9.461071491241455078e-01
9.731653928756713867e-01
0.000000000000000000e+00
0.000000000000000000e+00
0.000000000000000000e+00
6.953563094139099121e-01
0.000000000000000000e+00
9.313925504684448242e-01
3.547083139419555664e-01
1.429668813943862915e-01
9.704832434654235840e-01
4.641838073730468750e-01
0.000000000000000000e+00
9.602664709091186523e-01
9.142470359802246094e-01
9.003720879554748535e-01
0.000000000000000000e+00
9.497643709182739258e-01
9.671450853347778320e-01
3.478499352931976318e-01
6.515460014343261719e-01
9.618690013885498047e-01
8.089763522148132324e-01
9.688926935195922852e-01
1.350969728082418442e-02
0.000000000000000000e+00
9.545871019363403320e-01
9.041233062744140625e-01
0.000000000000000000e+00
0.000000000000000000e+00
6.048719286918640137e-01
9.311811327934265137e-01
0.000000000000000000e+00
0.000000000000000000e+00
1.253919750452041626e-01
9.705947637557983398e-01
8.571609854698181152e-01
0.000000000000000000e+00
9.705702662467956543e-01
6.832528114318847656e-01
0.000000000000000000e+00
7.887324690818786621e-01
9.581583142280578613e-01
9.702365994453430176e-01
8.878234624862670898e-01
9.306803345680236816e-01
0.000000000000000000e+00
6.373446583747863770e-01
1.690039038658142090e-01
0.000000000000000000e+00
9.280812740325927734e-01
6.916288733482360840e-01
9.518631100654602051e-01
8.116141557693481445e-01
0.000000000000000000e+00
9.360728263854980469e-01
0.000000000000000000e+00
4.346511960029602051e-01
0.000000000000000000e+00
9.295720458030700684e-01
6.384128928184509277e-01
0.000000000000000000e+00
9.325675368309020996e-01
0.000000000000000000e+00
0.000000000000000000e+00
0.000000000000000000e+00
0.000000000000000000e+00
9.666637778282165527e-01
0.000000000000000000e+00
9.217106699943542480e-01
0.000000000000000000e+00
