679
335
515
19
272
-1
146
1000
478
177
437
746
35
12
326
155
178
422
-1
53
-1
329
42
15
214
239
87
297
-1
13
14
70
366
179
103
74
175
192
6
114
513
-1
942
296
-1
76
855
380
-1
46
-1
-1
458
-1
693
314
185
773
21
-1
-1
113
391
-1
376
-1
165
230
194
420
63
90
-1
-1
-1
-1
609
223
306
997
667
-1
208
487
350
105
275
167
467
410
462
97
140
-1
264
112
367
673
-1
-1
118
248
5
671
-1
117
50
466
244
-1
358
730
68
-1
425
319
246
-1
-1
317
-1
77
743
398
32
382
372
289
617
549
656
-1
361
-1
-1
91
157
436
591
270
333
529
23
941
279
539
535
256
171
415
-1
896
316
82
818
-1
39
160
-1
209
-1
-1
433
602
322
-1
26
725
-1
461
323
642
374
793
-1
749
41
-1
-1
-1
644
370
-1
432
58
354
533
20
407
283
395
614
593
212
867
360
-1
-1
861
33
906
744
-1
544
-1
3
9
837
-1
885
-1
197
28
-1
1010
720
-1
483
381
670
141
-1
336
504
443
-1
59
648
989
278
308
698
-1
201
106
72
495
-1
44
799
429
393
133
-1
213
468
596
-1
-1
116
597
234
-1
-1
-1
124
-1
404
738
960
-1
503
419
851
547
364
30
64
761
-1
-1
269
540
180
-1
-1
452
-1
295
399
-1
52
16
560
635
-1
-1
449
252
655
489
227
501
774
457
-1
130
-1
412
-1
277
-1
973
162
128
994
56
912
476
431
233
-1
632
98
975
387
237
-1
10
666
-1
512
-1
496
868
750
340
724
621
-1
169
972
500
-1
100
715
-1
612
159
428
534
567
-1
158
716
631
-1
947
258
532
814
-1
1006
-1
-1
859
626
758
69
-1
-1
518
769
409
251
307
375
886
-1
417
566
129
605
943
-1
22
492
-1
697
426
-1
108
932
629
81
384
148
543
762
582
-1
282
968
951
846
199
348
17
-1
268
202
624
235
792
-1
401
54
-1
378
830
877
-1
34
948
576
-1
205
633
459
204
821
184
126
-1
430
-1
291
907
-1
802
347
-1
-1
-1
78
-1
309
-1
865
392
444
672
554
-1
216
722
-1
-1
-1
220
1
844
918
447
293
-1
150
-1
-1
653
681
132
-1
610
754
-1
255
473
137
794
479
-1
7
805
485
-1
-1
558
226
-1
-1
-1
-1
454
-1
-1
4
-1
713
-1
832
359
634
80
-1
-1
-1
752
1005
-1
594
-1
95
983
575
891
-1
517
910
933
570
-1
135
119
887
521
228
-1
537
1022
-1
-1
149
305
327
-1
-1
365
24
-1
266
324
657
187
-1
294
147
604
637
-1
-1
790
285
984
-1
514
700
615
-1
84
519
842
379
664
520
813
-1
658
980
349
261
166
453
-1
705
211
776
-1
217
334
439
-1
-1
-1
25
-1
-1
579
-1
-1
101
238
331
753
27
574
647
1012
303
888
-1
686
267
313
-1
964
718
-1
-1
300
505
585
-1
482
789
747
-1
290
-1
-1
299
-1
198
909
229
-1
638
778
219
524
-1
-1
164
440
600
-1
1008
-1
120
245
801
788
-1
263
193
-1
791
816
938
390
-1
712
795
665
203
826
-1
-1
829
312
-1
899
224
556
970
735
172
200
726
577
783
474
-1
99
704
71
-1
690
131
94
949
991
-1
-1
-1
-1
-1
221
170
-1
-1
373
494
310
-1
-1
341
979
-1
240
-1
145
480
121
173
874
-1
-1
806
765
825
-1
-1
8
645
-1
692
196
276
685
144
-1
963
-1
1013
966
-1
734
571
-1
866
523
992
-1
-1
-1
-1
-1
526
770
352
142
434
606
-1
691
397
-1
920
-1
542
595
714
-1
682
61
156
862
-1
486
388
-1
590
-1
-1
-1
-1
894
11
763
652
302
-1
232
-1
231
-1
-1
460
351
-1
502
528
88
639
925
-1
-1
-1
511
719
583
-1
369
-1
-1
343
-1
284
581
-1
967
709
741
-1
139
-1
569
207
1004
406
421
562
195
-1
338
563
-1
727
-1
810
1003
236
995
-1
-1
-1
-1
-1
703
-1
188
424
904
928
-1
860
883
328
-1
-1
675
-1
18
-1
840
548
-1
696
954
953
873
-1
281
383
766
-1
760
-1
915
-1
607
-1
311
-1
-1
225
988
110
-1
-1
808
-1
-1
660
477
525
839
-1
89
-1
-1
265
927
-1
736
-1
362
-1
717
958
669
1020
-1
-1
176
822
292
779
732
-1
-1
66
588
1015
875
-1
742
-1
668
75
484
-1
345
819
400
-1
-1
-1
-1
-1
222
-1
-1
828
870
-1
998
-1
-1
649
65
-1
834
880
-1
346
-1
-1
-1
-1
386
-1
-1
356
961
-1
553
-1
841
613
451
-1
260
-1
-1
546
-1
616
-1
-1
640
-1
60
924
-1
342
-1
507
561
43
592
731
154
127
-1
564
-1
897
357
-1
-1
803
944
-1
-1
858
-1
-1
441
47
555
-1
706
871
470
344
-1
849
974
710
55
662
-1
-1
996
879
-1
-1
-1
674
-1
643
403
298
465
-1
-1
-1
971
-1
659
-1
620
-1
976
-1
-1
79
243
-1
608
646
852
