-1
450
-1
205
486
102
38
472
703
206
318
758
13
29
30
23
282
397
833
3
187
58
375
142
528
574
166
584
212
-1
266
-1
124
199
412
12
-1
-1
-1
156
-1
176
22
960
238
-1
49
980
-1
-1
106
-1
281
19
406
991
306
-1
184
226
953
745
-1
70
267
921
892
-1
112
358
31
665
235
-1
35
900
45
121
434
1018
493
384
153
-1
549
-1
-1
26
773
869
71
135
-1
-1
669
502
-1
91
313
663
334
580
-1
34
-1
85
234
-1
381
-1
858
-1
95
61
39
-1
249
105
100
513
628
693
-1
-1
255
-1
422
964
304
371
296
668
461
242
-1
512
-1
468
-1
795
92
220
731
-1
710
691
6
536
386
522
456
-1
-1
-1
963
15
746
136
343
338
157
-1
303
-1
622
66
561
87
-1
330
678
148
656
694
-1
36
885
9
16
33
273
-1
-1
-1
421
56
-1
533
821
-1
-1
-1
37
634
68
803
707
211
612
395
657
233
400
644
419
416
-1
798
82
159
-1
565
193
244
24
-1
444
568
-1
618
449
677
911
77
652
856
478
291
516
614
67
765
763
310
251
402
812
316
581
25
689
-1
-1
1019
108
629
116
-1
101
-1
-1
364
288
-1
-1
466
147
-1
348
-1
943
560
-1
633
94
872
530
592
399
271
139
-1
4
-1
-1
86
708
300
229
144
-1
843
391
189
788
542
-1
-1
-1
127
607
426
887
454
535
278
43
27
1004
610
599
-1
761
588
-1
523
78
365
230
436
683
853
649
593
55
-1
152
119
-1
115
-1
-1
164
170
531
-1
14
524
828
21
-1
582
-1
140
569
1
222
-1
805
-1
326
686
956
786
986
903
926
430
396
559
84
769
730
-1
185
-1
934
969
110
491
195
132
877
-1
265
527
32
96
-1
783
181
-1
126
681
172
366
64
-1
408
552
47
218
125
844
385
-1
931
315
750
-1
639
62
439
241
-1
190
-1
736
123
279
905
405
-1
1003
257
-1
800
188
-1
363
89
-1
298
-1
-1
149
-1
369
-1
262
69
801
17
-1
822
114
379
-1
339
240
424
309
183
162
732
-1
137
10
-1
570
623
979
-1
224
440
-1
-1
453
-1
287
-1
941
276
562
483
-1
-1
294
52
418
768
169
90
-1
-1
1005
107
88
245
-1
985
-1
-1
467
661
-1
308
865
8
470
692
-1
603
217
901
474
749
83
-1
290
-1
-1
376
-1
682
236
323
-1
-1
-1
332
292
771
261
223
600
-1
958
-1
-1
-1
779
321
40
545
2
-1
507
361
550
554
515
-1
721
619
866
728
-1
772
141
-1
-1
349
186
340
146
-1
518
-1
145
272
-1
740
387
203
-1
946
264
836
129
-1
-1
-1
937
442
981
653
-1
477
-1
283
959
802
806
966
-1
370
341
-1
797
510
718
-1
-1
585
504
414
659
-1
577
-1
789
389
781
-1
601
-1
-1
893
-1
752
138
961
192
500
741
246
250
-1
-1
624
-1
163
-1
537
372
733
851
1021
76
463
-1
337
940
191
547
948
128
-1
-1
1013
328
-1
-1
401
-1
356
-1
-1
383
-1
345
312
417
492
284
-1
538
616
774
951
-1
171
1002
180
704
1022
586
227
920
-1
-1
760
459
-1
289
130
532
557
1011
864
-1
992
-1
553
643
319
80
899
881
219
103
441
97
1000
831
-1
-1
-1
0
-1
460
744
-1
-1
709
591
-1
-1
-1
667
735
706
54
-1
-1
838
378
231
-1
546
-1
-1
819
664
564
983
-1
-1
792
990
-1
641
488
742
335
344
879
596
780
215
-1
445
-1
327
167
658
808
-1
-1
111
962
889
-1
717
655
875
-1
258
-1
-1
793
897
122
201
-1
11
605
-1
175
325
-1
497
583
464
-1
-1
-1
357
-1
847
268
388
759
-1
699
845
-1
-1
362
729
-1
-1
57
293
-1
566
-1
617
888
-1
-1
-1
660
-1
-1
-1
-1
631
604
541
636
403
173
469
642
-1
-1
-1
239
-1
630
429
972
-1
473
698
-1
861
-1
810
-1
-1
555
350
-1
637
-1
154
904
-1
420
886
-1
-1
700
645
-1
914
648
409
-1
490
-1
923
-1
-1
207
-1
867
835
939
551
-1
451
-1
394
-1
-1
988
-1
263
1023
-1
-1
46
-1
-1
976
355
826
198
747
-1
-1
438
720
194
324
-1
915
984
-1
841
695
895
-1
410
-1
996
924
-1
-1
827
-1
209
367
514
589
-1
-1
505
-1
-1
757
-1
151
968
-1
651
-1
-1
-1
-1
823
-1
200
427
-1
613
508
-1
307
-1
-1
849
-1
-1
452
-1
738
-1
-1
-1
954
775
-1
873
824
-1
-1
-1
382
509
-1
-1
-1
-1
638
-1
-1
143
42
373
973
-1
-1
347
413
670
-1
393
-1
840
839
-1
-1
-1
880
-1
259
935
-1
712
595
-1
715
791
392
-1
654
1009
331
302
989
314
1015
-1
-1
687
558
-1
-1
503
543
-1
-1
-1
857
228
-1
671
722
-1
305
813
995
79
917
-1
7
-1
-1
811
799
498
352
-1
626
-1
214
-1
587
714
-1
894
-1
-1
-1
-1
882
-1
519
-1
